((("string" .
   [2 0 0 0 0 0])
  ("debug" .
   [2 0 0 0 0])
  ("temp" .
   [1 0 0 0])
  ("setopt" .
   [1 0 0 0 0 0])
  ("~/.zshrc.local" .
   [0 0 0 0 0 0 1 0 0 0 0 0 0 0])
  ("zstyle" .
   [1 0 0 0 0 0])
  ("end" .
   [11 0 0])
  ("stdout" .
   [5 0 0 0 0 1])
  ("block" .
   [3 0 0 0 0])
  ("call" .
   [1 0 0 0])
  ("STDOUT" .
   [3 0 0 2 0 0])
  ("test_block" .
   [1 0 0 0 0 0 0 0 0 0])
  ("puts" .
   [4 0 0 0])
  ("make_mogidata1_allin" .
   [0 0 0 0 0 0 0 0 0 0 0 0 0 0 0 0 0 0 0 1])
  ("makefig" .
   [5 0 0 0 0 0 0])
  ("DISTANCE" .
   [1 0 0 0 0 0 0 0])
  ("times" .
   [2 0 0 0 0])
  ("make_mogidata1_allin_mod" .
   [1 0 0 0 0 0 0 0 0 0 0 0 0 0 0 0 0 0 0 0 0 0 0 0])
  ("100" .
   [5 0 0])
  ("150" .
   [1 0 0])
  ("500" .
   [1 0 0])
  ("step" .
   [1 0 0 0])
  ("to_f" .
   [1 0 0 0])
  ("make_mogidata2_allin" .
   [0 0 0 0 0 0 0 0 0 1 0 0 0 0 0 0 0 0 0 0])
  ("make_mogidata1" .
   [1 0 0 0 0 0 0 0 0 0 0 0 0 0])
  ("each" .
   [2 0 0 0])
  ("ary_e" .
   [3 0 0 0 0])
  ("1000" .
   [1 0 0 0])
  ("Histgram" .
   [1 0 0 0 0 0 0 0])
  ("ary" .
   [1 0 0])
  ("output" .
   [1 0 0 0 0 0])
  ("plot" .
   [3 0 0 0])
  ("plt" .
   [1 0 0])
  ("e_be_2" .
   [1 0 0 0 0 0])
  ("filter_alphas" .
   [1 0 0 0 0 0 0 0 0 0 0 0 0])
  ("include" .
   [1 0 0 0 0 0 0])
  ("int" .
   [11 0 0])
  ("char" .
   [1 0 0 0])
  ("my_rank" .
   [0 0 1 2 0 0 0])
  ("message" .
   [5 0 0 0 0 0 0])
  ("dest" .
   [2 0 0 0])
  ("tag" .
   [4 0 0])
  ("MPI_COMM_WORLD" .
   [1 0 0 0 0 0 0 0 1 0 0 1 0 0])
  ("source" .
   [4 0 0 0 1 0])
  ("status" .
   [4 0 0 0 0 0])
  ("MPI_CHAR" .
   [0 0 0 0 0 0 1 0])
  ("MPI_Recv" .
   [2 0 0 0 0 0 0 0])
  ("buffer" .
   [1 0 0 0 0 0])
  ("count" .
   [1 0 0 0 0])
  ("MPI_Datatype" .
   [1 0 0 0 0 0 0 0 0 0 0 0])
  ("MPI_Comm" .
   [1 0 0 0 0 0 0 0])
  ("communicater" .
   [0 0 0 0 0 0 0 1 0 0 0 0])
  ("MPI_Status" .
   [0 0 0 0 0 0 0 0 0 1])
  ("MPI_Send" .
   [1 0 0 0 0 0 0 0])
  ("else" .
   [1 0 0 0])
  ("my_process_rank" .
   [0 0 0 0 1 0 0 0 0 0 0 0 0 0 0])
  ("10000" .
   [1 0 0 0 0])))
